     1     3    69    50    39
     1     3    69    50    39
     2     2    65    59    25
     2     2    66    69    37
     3     2    69    50    33
     3     2    69    50    33
     3     2    65    65    33
     3     2    65    65    33
     3     2    65    65    33
     3     2    65    65    25
     3     1    69    69    39
     3     1    69    69    39
     4     3    69    69    39
     5     1    69    50    35
     5     1    69    50    35
     5     1    69    50    35
     5     1    69    50    35
     5     1    69    50    35
     5     1    69    65    33
     5     1    69    65    33
     5     1    69    65    33
     5     1    69    65    33
     5     1    69    65    33
     6     3    69    69    39
     7     3    69    69    25
     8     3    69    65    39
     8     3    69    65    39
     8     3    65    65    39
     9     1    65    65    26
    10     1    33    50    33
    10     1    33    50    33
    10     1    33    50    33
    11     3    33    59    39
    11     2    69    69    33
    11     2    69    69    33
    12     3    65    65    33
    12     3    65    65    33
    12     3    65    65    25
    12     3    65    65    25
    12     3    65    65    25
    12     3    69    69    25
    13     2    69    65    25
    13     2    69    69    41
    13     2    69    69    43
    13     2    69    69    43
    14     2    65    59    39
    14     2    65    59    39
    14     2    63    59    39
    14     2    63    59    39
    14     2    69    65    39
    14     2    69    69    39
    14     2    69    69    39
    14     3    69    69    39
    14     3    69    69    39
    14     2    69    69    39
    14     2    69    69    39
    14     2    69    69    39
    15     2    69    69    43
    16     3    65    59    33
    16     3    65    59    33
    16     3    65    59    33
    16     1    63    65    39
    16     1    63    65    39
    16     1    63    65    39
    16     3    63    65    39
    16     3    63    65    39
    16     3    63    65    39
    16     1    59    65    33
    16     1    59    65    33
    16     1    59    65    33
    16     1    59    65    33
    16     3    69    65    39
    16     3    69    65    39
    16     3    69    69    25
    16     3    69    69    25
    16     3    69    69    25
    16     3    69    69    25
    16     3    69    69    43
    16     3    69    69    43
    16     3    69    69    43
    16     3    69    69    43
    16     1    69    69    25
    16     1    69    69    25
    17     2    65    65    25
    18     2    59    71    39
    18     2    65    62    39
    19     3    65    59    41
    19     3    65    59    41
    20     1    69    68    25
    20     1    69    68    25
    20     1    69    68    25
    21     1    65    59    25
    22     2    63    65    39
    22     3    65    63    25
    22     3    65    63    25
    22     3    65    63    25
    22     3    65    63    25
    22     3    69    69    20
    22     3    69    69    20
    22     3    69    69    20
    23     2    59    39    39
    24     3    69    65    33
    25     2    65    59    39
    25     2    65    59    39
    25     2    65    59    39
    25     2    65    59    39
    25     3    65    65    39
    25     3    65    65    39
    25     3    69    68    43
    25     3    69    68    43
    25     3    69    69    43
    25     3    69    69    43
    25     3    69    69    43
    25     3    69    69    43
    26     1    65    65    33
    26     2    65    65    25
    27     2    59    39    39
    27     2    59    39    39
    27     3    69    65    33
    27     3    69    65    33
    27     3    69    65    33
    27     3    69    65    33
    27     3    69    65    33
    27     3    69    65    33
    27     3    65    63    33
    27     3    65    63    33
    27     3    65    63    33
    28     3    69    69    33
    28     3    69    69    33
    28     3    69    69    33
    29     2    65    59    38
    29     2    65    59    38
    29     2    65    59    39
    29     2    65    59    39
    29     2    65    59    39
    29     2    69    69    39
    29     2    69    69    39
    29     2    69    69    39
    30     3    63    59    39
    30     3    63    59    39
    30     3    63    59    39
    30     3    63    59    39
    30     3    65    65    25
    30     3    65    65    25
    31     3    69    69    25
    32     2    65    59    38
    32     2    69    65    33
    33     2    69    69    39
    34     3    33    50    33
    35     1    63    59    41
    36     3    65    65    25
    36     3    65    65    25
    36     3    65    65    25
    37     2    59    62    39
    37     3    59    62    39
    37     3    59    62    39
    38     1    63    59    39
    38     3    65    65    25
    38     3    65    65    25
    38     3    65    65    25
    38     3    65    65    25
    39     2    69    69    41
    40     2    54    59    39
    40     2    69    65    39
    40     2    69    69    43
    40     2    69    69    43
    40     3    69    69    39
    40     3    69    69    39
    40     3    69    69    39
    41     1    69    67    41
    41     1    69    69    39
    41     1    69    69    39
    42     2    63    59    39
    42     2    63    59    39
    42     2    63    59    39
    42     2    63    59    39
    42     2    69    59    42
    42     2    69    59    42
    42     2    69    59    42
    42     2    63    65    39
    42     2    63    65    39
    42     2    63    65    39
    42     2    63    65    39
    42     2    63    65    39
    42     2    65    65    25
    42     2    65    65    25
    42     2    65    65    25
    42     2    65    65    25
    42     2    65    65    25
    42     2    65    65    25
    42     2    69    69    39
    42     2    69    69    39
    42     2    69    69    39
    42     2    69    69    39
    42     2    69    69    39
    43     3    59    48    39
    44     2    69    69    43
    45     3    69    69    25
    46     2    65    59    39
    46     3    65    59    25
    46     2    69    69    25
    47     2    63    65    39
    47     2    63    65    39
    47     2    57    69    39
    48     1    69    68    39
    49     3    65    65    33
    49     3    65    65    33
    49     3    65    65    33
    50     3    65    63    25
    51     1    69    68    39
    51     1    69    68    27
    51     1    69    68    39
    51     1    69    68    39
    51     1    69    68    39
    51     1    69    69    32
    51     1    69    69    32
    51     1    69    69    41
    51     1    69    69    43
    52     2    33    50    33
    52     2    33    50    33
    53     2    59    62    39
    53     2    59    62    39
    53     2    65    59    38
    53     2    65    59    38
    53     2    65    59    38
    53     2    65    59    38
    53     3    65    65    25
    53     3    65    65    25
    53     3    65    65    25
    53     3    65    65    25
    53     3    65    65    25
    53     2    66    65    39
    53     2    66    65    39
    53     3    69    68    25
    53     3    69    68    25
    53     2    69    69    25
    53     2    69    69    25
    54     1    59    62    39
    54     1    65    59    25
    54     1    59    71    39
    54     1    59    71    39
    55     1    65    63    39
    55     1    65    63    39
    55     1    65    63    39
    55     2    65    65    39
    55     2    65    65    39
    55     2    65    65    39
    55     1    65    65    25
    55     1    65    65    25
    55     1    65    63    27
    55     1    65    63    27
    56     2    69    69    39
    57     1    65    61    39
    57     1    65    59    39
    57     1    65    59    39
    57     1    65    59    39
    57     1    65    59    39
    57     1    63    59    33
    57     1    63    59    34
    57     2    69    59    45
    57     2    69    59    45
    57     1    69    59    45
    57     2    69    59    45
    57     3    69    68    25
    57     1    69    68    27
    58     1    69    69    20
    58     1    69    69    20
    58     1    69    69    39
    58     1    69    69    39
    58     1    69    69    35
    58     1    69    68    33
    58     1    69    69    36
    59     3    65    59    39
    59     3    69    69    33
    59     3    69    69    33
    60     3    59    53    39
    61     2    65    59    39
    61     2    65    59    39
    61     3    65    61    39
    61     3    65    61    39
    61     3    65    61    39
    61     3    59    62    39
    61     2    59    62    39
    61     3    59    62    39
    61     2    59    62    39
    61     2    59    62    39
    61     2    63    69    39
    61     2    63    69    39
    61     2    63    69    39
    61     2    63    69    39
    62     1    69    66    34
    62     1    69    66    34
    62     1    63    65    39
    62     1    63    65    39
    62     1    63    65    39
    62     1    69    66    39
    62     1    69    66    39
    62     1    69    69    31
    62     1    69    69    31
    63     1    65    59    39
    63     1    65    59    39
    63     1    65    59    39
    63     1    65    59    39
    63     1    65    59    25
    63     1    65    61    37
    63     1    33    61    39
    63     1    33    61    39
    63     1    65    59    39
    63     3    63    59    39
    63     3    63    59    39
    63     3    69    69    20
    64     2    59    39    39
    64     2    59    39    39
    65     3    69    69    43
    66     2    59    65    34
    66     2    59    69    34
    66     2    69    65    34
    66     2    69    65    34
    66     2    69    65    37
    66     2    69    65    37
    66     2    69    65    34
    66     2    55    69    43
    67     1    69    65    39
    67     1    69    65    39
    68     3    69    68    33
    68     3    69    68    33
    68     3    69    68    33
    69     2    59    62    39
    69     2    59    62    39
    69     2    59    62    39
    69     2    59    62    39
    69     2    59    62    39
    69     3    65    65    25
    69     3    65    65    25
    70     3    63    59    39
    70     3    69    59    39
    70     2    69    50    33
    70     2    69    50    33
    70     2    69    50    33
    70     2    69    50    33
    71     3    65    60    33
    71     3    65    60    33
    71     3    65    59    39
    71     3    65    59    39
    71     3    65    62    39
    71     3    65    62    39
    71     3    65    59    39
    71     3    65    59    39
    71     3    65    59    39
    71     3    65    59    39
    71     3    63    59    39
    71     3    63    59    39
    71     3    59    66    37
    71     3    59    66    37
    71     3    59    66    37
    71     3    59    66    37
    71     3    69    65    37
    71     3    69    65    33
    71     3    69    65    33
    71     3    69    65    33
    71     3    69    58    33
    71     3    69    58    33
    71     3    69    58    33
    71     3    65    63    33
    71     3    69    69    20
    71     3    69    69    20
    71     3    69    69    20
    71     3    69    69    20
    71     3    69    69    20
    71     3    69    69    25
    71     3    69    69    39
    71     3    69    69    25
    72     3    69    59    45
    72     3    69    59    45
    72     3    69    59    45
    72     2    65    65    35
    73     1    65    62    39
    73     2    65    59    39
    73     3    65    65    33
    74     3    33    59    39
    74     1    33    59    38
    74     1    33    59    38
    74     3    65    59    39
    74     3    65    59    39
    74     3    65    59    39
    74     3    65    61    39
    74     3    65    61    39
    74     3    65    59    39
    74     3    65    59    39
    74     3    65    59    39
    74     3    65    59    39
    74     3    65    59    39
    74     3    63    59    33
    74     3    63    59    33
    74     3    63    59    33
    74     2    65    59    41
    74     3    69    65    39
    74     3    69    65    39
    74     3    69    65    39
    74     3    65    65    25
    74     3    65    65    25
    74     3    65    65    25
    74     3    65    65    25
    74     2    69    69    30
    74     1    69    69    30
    74     1    69    69    30
    74     3    69    69    25
    74     3    69    69    25
    74     3    69    69    25
    75     3    65    59    41
    75     3    65    60    41
    75     3    65    60    41
    75     3    65    60    41
    75     2    69    65    34
    75     2    69    65    34
    75     2    65    65    33
    75     2    69    69    25
    75     2    69    69    25
    75     2    69    65    25
    75     2    69    69    25
    75     2    69    69    25
    75     2    69    69    40
    75     2    69    69    33
    75     2    69    69    33
    75     2    69    69    33
    75     2    69    69    33
    75     2    69    69    39
    75     2    69    69    39
    75     2    69    69    39
    75     2    69    69    41
    75     3    69    69    25
    75     3    69    69    25
    75     3    69    69    25
    75     3    69    69    25
    75     3    69    69    25
    75     3    69    69    25
    75     3    69    69    25
    75     3    69    69    25
    76     2    54    59    39
    77     3    63    69    39
    77     3    63    69    39
    77     3    63    69    39
    78     3    63    59    39
    79     2    65    59    38
    79     2    69    69    20
    79     2    69    69    36
    80     2    59    65    39
    80     3    64    66    39
    80     2    69    65    33
    81     1    65    60    45
    82     2    66    65    25
    83     2    59    62    39
    83     2    59    62    39
    83     2    59    62    39
    83     2    59    62    39
    84     1    59    62    39
    84     1    59    62    39
    84     1    69    69    39
    84     3    69    69    39
    85     2    65    59    33
    85     2    65    59    33
    85     2    65    69    33
    85     2    63    59    33
    85     2    63    59    33
    85     2    63    59    33
    85     2    65    69    41
    85     2    65    59    41
    85     2    65    59    41
    85     2    65    59    41
    85     2    63    65    39
    85     2    63    65    39
    85     2    63    65    39
    85     2    69    55    34
    85     2    69    65    34
    85     2    69    69    40
    85     2    69    69    40
    85     2    69    69    40
    85     3    69    69    33
    85     3    69    69    33
    85     3    69    69    33
    85     3    69    69    39
    86     2    59    39    39
    86     2    59    62    39
    86     3    63    65    39
    86     3    63    65    39
    86     3    63    65    39
    86     3    63    65    39
    86     3    63    65    39
    86     3    59    65    33
    86     3    59    65    33
    86     3    69    66    39
    86     3    65    57    39
    86     3    65    57    39
    86     3    65    57    39
    87     2    59    39    39
    87     2    59    39    39
    87     2    59    39    39
    87     2    59    39    39
    87     2    59    39    39
    88     2    65    65    39
    88     2    65    65    39
    88     2    65    65    39
    88     2    65    65    39
    88     2    65    65    39
    89     3    65    60    33
    89     3    65    60    33
    89     3    65    60    33
    89     1    65    59    39
    90     2    63    59    39
    90     2    63    59    39
    90     2    69    69    39
    91     2    59    62    39
    91     2    59    71    39
    91     2    59    62    39
    91     2    59    62    39
    91     2    59    62    39
    91     2    59    39    39
    91     2    59    39    39
    91     2    59    39    39
    91     2    65    62    39
    91     1    65    62    39
    91     2    65    62    39
    92     1    59    62    39
    92     1    59    62    39
    92     1    59    42    39
    92     1    59    39    39
    92     1    65    62    39
    92     1    65    62    39
    92     1    65    59    39
    92     1    65    59    39
    92     1    65    59    39
    92     1    65    62    39
    92     1    65    62    39
    92     1    65    62    39
    92     1    65    62    39
    92     1    65    59    39
    92     1    69    69    41
    93     2    63    59    35
    93     2    63    59    35
    93     3    63    65    39
    93     3    65    65    25
    93     3    65    65    25
    93     3    65    65    25
    93     3    65    65    25
    93     2    69    69    20
    93     2    69    69    39
    93     2    69    69    39
    93     1    69    69    39
    93     2    69    69    39
    93     2    69    69    39
    93     2    69    69    39
    93     2    69    69    39
    94     3    59    65    33
    94     1    69    65    34
    94     1    69    65    34
    94     1    69    65    37
    94     1    65    65    26
    95     2    69    69    35
    96     2    65    59    39
    96     2    65    69    39
    96     1    69    69    39
    96     1    69    69    39
    96     1    69    69    39
    96     1    69    69    39
    97     2    65    65    39
    97     2    65    65    39
    98     3    69    65    39
    98     3    69    65    39
    98     3    69    65    39
    98     3    69    65    39
    98     3    65    65    39
    99     3    69    68    33
   100     2    69    69    39
   101     1    65    62    39
   101     1    63    59    33
   101     1    63    59    33
   101     1    65    65    33
   101     1    65    65    39
   101     1    65    65    39
   101     1    65    65    39
   101     1    69    69    33
   101     1    55    68    43
   101     1    69    68    38
   101     1    69    69    28
   101     1    69    69    43
   102     3    69    50    33
   102     3    69    50    33
   103     2    69    69    25
   103     2    69    69    39
   104     2    65    59    39
   104     2    65    59    39
   104     3    65    59    39
   105     1    65    61    37
   105     1    65    61    37
   106     2    59    62    39
   106     1    59    62    39
   107     2    65    59    33
   107     2    65    59    33
   107     2    65    59    39
   107     2    65    59    39
   107     2    65    59    39
   107     2    65    59    39
   107     2    65    59    39
   107     2    65    59    39
   107     3    65    61    39
   107     3    65    61    39
   107     3    65    61    39
   107     3    65    61    39
   107     2    65    59    39
   107     3    69    54    33
   107     3    69    54    33
   107     3    69    54    33
   107     2    69    50    33
   107     2    69    50    33
   107     2    69    50    33
   107     2    69    50    33
   107     2    69    50    33
   107     3    65    65    25
   107     3    65    65    25
   107     3    65    65    39
   107     3    65    65    39
   108     2    69    50    35
   108     2    69    50    35
   108     1    65    65    39
   108     1    65    65    39
   108     3    65    65    39
   108     3    65    65    39
   108     1    65    65    39
   108     1    65    65    39
   108     3    69    69    43
   108     3    69    69    25
   108     3    69    69    25
   109     3    65    59    39
   109     3    65    59    39
   109     2    66    65    32
   109     2    66    65    32
   109     2    65    65    39
   109     3    69    69    33
   109     3    69    69    33
   109     3    69    69    33
   109     2    69    69    39
   109     2    69    69    39
   109     2    69    69    39
   109     2    55    65    43
   109     2    55    69    43
   109     2    55    69    43
   109     2    69    69    38
   109     2    69    69    42
   109     2    69    69    42
   110     3    65    65    25
   110     3    65    65    25
   110     3    65    65    25
   110     3    65    65    25
   111     3    59    62    39
   111     3    59    62    39
   112     2    65    65    27
   112     3    65    63    25
   112     2    69    69    39
   113     2    69    65    34
   114     3    65    65    33
   114     3    65    65    33
   115     3    69    50    39
   116     1    59    67    39
   116     3    65    65    33
   116     3    65    65    33
   116     2    65    65    25
   116     3    69    69    39
   116     3    69    69    20
   116     3    69    69    20
   116     3    69    69    25
   116     3    69    69    25
   116     3    69    69    25
   116     3    69    69    25
   116     3    69    69    39
   116     3    69    69    39
   117     3    63    59    33
   117     3    63    59    33
   117     3    63    59    33
   117     3    63    59    33
   118     3    69    69    39
   118     3    69    69    39
   119     2    59    62    39
   119     2    59    62    39
   119     1    59    62    39
   119     1    69    69    35
   120     2    59    62    39
   120     2    59    62    39
   120     2    59    62    39
   120     2    59    62    39
   120     2    59    62    39
   120     2    59    62    39
   120     2    59    62    39
   120     2    59    62    39
   120     2    59    62    39
   120     2    59    62    39
   120     2    59    62    39
   120     2    59    62    39
   120     2    59    62    39
   120     2    59    62    39
   120     2    59    62    39
   120     2    59    62    39
   120     2    59    62    39
   120     2    59    62    39
   120     2    59    62    39
   120     2    59    62    39
   120     2    59    62    39
   120     2    59    62    39
   120     2    59    62    39
   120     2    59    62    39
   120     2    59    62    39
   120     2    59    62    39
   120     2    59    62    39
   120     2    59    62    39
   120     2    59    62    39
   120     2    59    62    39
   120     2    59    62    39
   120     2    59    39    39
   120     2    59    39    39
   120     2    59    39    39
   120     2    59    39    39
   120     2    59    39    39
   120     2    59    39    39
   120     2    65    62    39
   120     2    65    62    39
   120     2    65    62    39
   120     2    65    62    39
   120     2    65    59    39
   121     1    65    59    39
   121     1    65    59    39
   121     1    65    59    38
   122     1    59    62    39
   122     1    69    66    34
   122     1    69    66    34
   122     2    64    65    34
   122     2    69    69    39
   123     3    59    62    39
   123     3    59    62    39
   123     2    65    59    33
   123     3    63    59    39
   123     3    63    59    39
   123     3    63    59    39
   123     3    63    59    39
   123     2    65    59    39
   123     2    65    59    39
   123     2    65    59    39
   123     2    65    59    39
   123     2    65    59    39
   123     2    65    59    39
   123     2    63    59    37
   123     1    63    65    39
   123     1    63    65    39
   123     1    69    54    33
   123     1    65    57    39
   123     1    69    69    43
   123     1    55    69    39
   124     2    69    69    39
   124     2    69    65    39
   125     3    59    65    39
   125     3    59    62    39
   125     3    59    62    39
   125     3    59    62    39
   125     3    59    62    39
   125     3    59    62    39
   125     3    65    62    39
   125     3    65    62    39
   125     3    65    62    39
   125     2    65    59    39
   125     3    65    59    39
   125     3    65    59    39
   125     2    65    65    26
   125     2    65    65    26
   126     2    59    65    33
   126     2    59    65    33
   127     3    65    62    39
   127     3    65    62    39
   127     3    65    62    39
   127     3    65    62    39
   128     1    65    59    39
   128     1    65    59    39
   129     1    65    59    33
   129     1    65    59    39
   129     2    59    62    39
   130     3    65    65    25
   131     2    65    59    39
   131     2    65    59    39
   132     2    69    65    25
   132     2    69    69    25
   132     2    69    69    25
   132     3    69    69    25
   132     3    69    69    25
   132     2    69    69    41
   132     2    69    69    41
   133     3    69    59    45
   133     3    69    59    45
   133     1    59    66    34
   133     1    59    66    34
   133     2    65    65    26
   133     3    65    65    25
   133     3    65    65    25
   133     3    65    65    25
   133     3    65    65    25
   133     1    65    65    25
   133     2    69    69    25
   133     3    69    69    39
   133     3    69    69    39
   133     3    69    69    39
   133     3    69    69    39
   133     2    69    69    28
   133     2    69    65    39
   133     2    69    69    39
   134     3    65    65    25
   134     3    65    65    25
   134     3    69    68    25
   134     3    69    68    25
   134     3    69    69    25
   134     3    69    69    25
   134     3    69    69    25
   135     1    65    59    41
   135     1    65    59    41
   135     2    65    59    41
   135     2    65    59    41
   135     1    65    65    27
   135     1    65    65    37
   136     3    65    59    25
   136     3    65    59    25
   136     3    65    59    39
   136     3    65    59    39
   136     3    65    59    39
   136     3    64    66    33
   136     3    69    66    33
   137     2    33    59    39
   137     2    59    62    39
   137     2    59    62    39
   137     2    69    50    37
   137     2    69    50    39
   137     1    65    65    25
   137     2    69    69    33
   137     2    69    69    33
   137     2    69    69    39
   138     2    59    62    39
   138     2    59    62    39
   138     2    65    59    39
   138     2    65    59    39
   138     2    65    59    39
   138     2    65    59    39
   138     2    69    59    45
   138     2    65    59    39
   138     2    65    59    39
   138     2    63    65    39
   138     2    69    69    36
   138     2    69    69    39
   138     2    69    69    36
   138     2    69    69    36
   139     3    55    68    43
   139     3    69    69    39
   139     1    69    69    27
   139     3    69    69    43
   140     2    69    65    37
   140     2    69    50    35
   140     2    69    50    35
   140     2    69    50    35
   140     2    69    50    35
   140     2    69    50    35
   140     2    69    50    35
   141     3    65    65    33
   142     1    65    60    45
   142     1    65    60    45
   143     2    59    39    39
   143     2    59    39    39
   143     2    59    39    39
   143     2    69    69    33
   143     2    69    69    33
   144     2    69    69    25
   144     2    69    69    25
   144     2    69    69    25
   144     2    69    69    25
   144     1    69    69    36
   144     1    69    69    39
   144     1    69    69    36
   145     1    65    65    33
   145     2    69    69    36
   145     2    69    65    36
   146     3    65    65    25
   146     3    65    65    25
   147     2    63    59    39
   147     2    63    59    39
   147     2    63    59    39
   147     2    63    59    39
   148     2    69    65    37
   149     2    69    50    33
   149     2    69    50    33
   149     2    69    50    33
   149     2    69    50    33
   149     1    69    65    33
   149     1    69    65    33
   149     2    65    65    26
   149     2    65    65    26
   149     2    65    65    26
   149     2    65    65    26
   149     3    65    65    25
   149     3    65    65    25
   149     3    65    65    25
   149     3    65    65    25
   149     1    65    65    39
   149     1    65    65    39
   149     1    65    65    39
   149     1    65    65    39
   149     1    65    65    39
   149     1    65    65    39
   149     2    69    69    31
   149     2    69    69    31
   149     2    69    69    31
   149     2    69    69    31
   149     2    69    69    39
   149     2    69    69    39
   149     2    69    69    39
   149     2    69    69    39
   150     3    63    59    33
   150     3    63    59    33
   150     3    63    59    33
   151     1    59    62    39
   151     3    65    62    39
   152     3    69    65    33
   152     3    69    65    33
   152     2    69    69    25
   152     2    69    69    41
   153     3    69    69    25
   154     1    69    69    39
   154     1    69    69    39
   154     1    69    69    39
   155     2    65    59    39
   156     2    59    39    39
   156     2    65    59    38
   156     2    69    69    27
   156     2    69    69    43
   156     2    69    69    43
   156     2    69    69    43
   157     2    65    59    39
   157     2    65    59    39
   157     2    65    59    39
   157     2    69    65    33
   157     2    69    65    33
   157     2    69    65    33
   157     2    69    50    33
   157     2    69    50    33
   157     3    69    65    25
   158     3    59    65    39
   158     3    59    65    39
   158     2    59    62    39
   158     2    65    59    39
   158     2    63    65    39
   159     1    69    59    45
   159     2    69    69    27
   160     1    69    68    39
   161     2    65    69    38
   161     3    65    59    39
   161     2    69    69    37
   162     3    63    65    39
   162     3    63    65    39
   163     3    69    69    39
   163     3    69    69    39
   163     3    69    69    39
   164     3    65    65    25
   164     3    65    65    25
   164     3    65    65    25
   164     3    69    69    43
   164     3    69    69    33
   165     3    69    69    43
   166     3    69    69    39
   166     3    69    69    39
   166     3    69    69    39
   166     2    69    69    39
   166     3    69    69    39
   166     3    69    69    39
   166     3    69    69    39
   166     3    69    69    39
   166     3    69    69    39
   167     1    59    48    39
   168     3    69    65    39
   169     1    65    61    37
   169     2    65    69    37
   169     2    65    59    37
   169     1    65    61    37
   169     1    65    61    37
   169     2    63    59    39
   169     2    63    59    39
   169     2    63    59    35
   169     3    63    59    33
   169     3    63    59    33
   169     3    63    59    33
   169     1    69    69    39
   170     2    69    69    42
   170     2    69    69    42
   171     1    33    59    38
   171     1    33    59    38
   171     1    33    59    38
   171     1    33    59    38
   171     1    65    59    39
   171     1    65    59    39
   171     1    65    59    39
   171     1    65    59    39
   171     1    65    59    39
   171     1    63    59    41
   171     1    63    59    39
   171     1    65    60    41
   171     1    59    66    34
   171     1    59    66    34
   171     1    59    65    33
   171     1    69    65    33
   171     1    69    65    34
   171     1    65    65    39
   171     1    65    65    39
   171     1    65    65    39
   171     1    65    65    32
   171     1    65    65    32
   171     1    69    65    32
   171     1    65    65    39
   171     1    65    65    39
   171     1    69    65    39
   171     1    65    69    37
   171     1    69    68    31
   171     1    69    68    31
   171     1    69    68    31
   171     1    69    68    39
   171     1    69    68    39
   171     1    69    68    36
   171     1    69    68    36
   171     1    69    68    42
   172     2    59    49    39
   172     2    59    49    39
   172     2    59    39    39
   172     2    59    39    39
   172     2    59    39    39
   172     2    59    39    39
   172     2    59    39    39
   173     2    66    65    25
   173     3    69    67    43
   174     2    69    69    39
   174     2    69    69    39
   174     2    69    65    39
   174     2    69    69    39
   175     2    65    59    38
   175     2    65    59    41
   175     2    65    59    41
   175     3    65    65    39
   175     3    65    65    39
   175     2    65    65    39
   175     2    65    65    25
   175     1    65    65    25
   175     2    69    65    43
   175     2    69    65    43
   175     1    69    65    43
   175     1    69    65    43
   175     2    69    69    43
   175     2    69    65    43
   175     1    69    67    43
   175     2    69    69    27
   175     2    69    65    27
   175     2    69    69    27
   176     2    65    65    37
   176     2    69    69    25
   176     2    69    69    25
   176     1    69    68    25
   176     1    69    68    25
   176     1    69    68    25
   176     1    69    68    25
   176     3    69    69    43
   176     3    69    69    43
   176     3    69    69    43
   176     3    69    69    43
   176     1    69    69    30
   176     3    69    69    43
   176     1    69    69    43
   176     3    69    69    43
   176     1    69    69    40
   176     1    69    69    40
   176     1    69    69    39
   177     2    69    65    39
   177     2    65    65    25
   177     2    65    65    25
   177     2    65    65    25
   177     2    65    65    25
   177     2    69    69    43
   178     3    65    65    33
   178     3    65    65    33
   178     3    65    65    33
   179     2    59    62    39
   179     3    65    59    39
   180     2    69    69    39
   180     2    69    69    32
   181     2    63    59    33
   181     3    69    69    25
   181     3    69    69    25
   182     3    59    62    39
   182     3    69    59    45
   182     3    69    69    39
   182     3    69    69    39
   182     3    69    69    39
   183     3    69    69    39
   184     2    63    69    39
   184     2    63    69    39
   184     2    63    69    39
   185     2    65    59    39
   185     2    65    59    39
   185     2    65    59    39
   185     2    63    65    39
   185     2    63    65    39
   185     2    63    65    39
   186     2    69    69    39
   187     2    59    39    39
   187     2    59    39    39
   187     3    69    65    33
   187     3    69    65    33
   187     3    69    65    33
   187     3    69    65    33
   187     3    69    65    39
   187     3    69    65    39
   187     3    69    65    39
   187     3    69    65    39
   187     3    69    65    39
   187     3    69    65    33
   187     3    69    65    33
   187     3    69    65    33
   187     3    69    65    33
   187     3    65    65    39
   187     3    65    65    39
   187     3    65    65    39
   187     3    65    65    39
   187     3    65    63    25
   187     3    65    63    25
   187     3    65    63    25
   187     3    65    63    25
   187     3    69    69    25
   187     3    69    69    25
   187     3    69    68    43
   187     3    55    68    43
   187     3    69    69    43
   187     3    69    67    43
   187     2    69    69    39
   187     2    69    69    39
   187     2    69    69    39
   187     3    69    69    39
   187     3    69    69    39
   187     3    69    69    43
   187     3    69    69    43
   187     3    69    69    43
   187     3    69    69    43
   187     3    69    69    43
   187     3    69    69    43
   187     3    69    69    43
   187     2    69    69    43
   187     2    69    69    43
   188     2    65    59    45
   188     2    65    59    45
   188     2    65    59    45
   188     2    65    59    45
   188     2    65    59    45
   188     2    65    59    45
   188     2    65    59    45
   188     2    59    39    39
   188     2    59    39    39
   188     2    59    62    39
   188     3    59    44    39
   188     3    59    44    39
   188     3    59    44    39
   188     2    65    59    39
   188     3    65    60    39
   188     2    65    59    39
   189     3    69    58    33
   189     3    69    58    39
   189     3    69    58    33
   189     3    69    58    33
   189     3    69    58    33
   189     3    69    58    33
   189     3    69    58    33
   189     3    69    58    33
   189     3    69    65    33
   189     3    69    65    33
   189     3    69    65    33
   189     3    69    65    33
   189     3    69    65    33
   189     3    69    65    33
   189     3    69    68    25
   189     3    69    68    25
   189     3    69    68    25
   189     3    69    68    25
   189     3    69    68    25
   189     3    69    68    25
   189     3    69    69    39
   189     3    69    69    39
   189     3    69    69    39
   190     2    65    59    39
   190     2    65    59    39
   190     1    65    65    25
   190     1    65    65    25
   190     2    65    65    39
   190     2    65    65    39
   191     3    65    59    39
   191     3    65    59    39
   192     3    65    59    39
   192     2    63    59    39
   192     1    69    69    39
   192     1    69    69    39
   193     1    63    59    39
   193     2    63    59    39
   193     1    63    64    39
   193     1    63    64    39
   193     2    65    65    25
   193     3    66    65    25
   193     3    66    65    25
   193     2    65    65    29
   193     2    65    65    29
   193     2    69    69    39
   193     2    69    69    39
   194     3    59    71    39
   194     3    59    71    39
   194     2    69    50    35
   194     2    69    50    35
   194     3    65    65    39
   194     3    65    65    39
   194     3    65    65    39
   194     3    65    65    39
   195     2    59    62    39
   195     2    59    62    39
   196     2    69    69    36
   197     1    65    59    33
   197     2    65    59    39
   197     2    59    39    39
   197     2    59    39    39
   197     2    59    39    39
   197     2    65    59    39
   197     1    69    59    42
   197     1    63    65    39
   197     1    63    65    39
   197     1    63    65    39
   197     3    59    65    33
   197     3    59    65    33
   197     3    59    65    33
   197     3    59    65    33
   197     3    64    66    33
   197     3    64    66    33
   197     3    64    66    33
   197     1    69    65    33
   197     1    69    65    33
   197     1    65    65    39
   197     1    69    69    36
   197     1    69    69    36
   198     3    54    61    39
   198     3    59    62    39
   198     3    59    40    39
   198     3    59    48    39
   198     3    59    48    39
   199     3    69    58    39
   199     2    69    65    39
   199     3    65    65    39
   199     3    65    65    39
   199     3    65    65    39
   199     3    65    65    39
   199     3    65    65    39
   199     3    65    63    39
   200     2    65    62    39
   201     3    59    62    39
   201     3    59    62    39
   202     1    65    59    33
   202     1    65    61    39
   202     1    65    61    39
   202     1    69    69    39
   203     1    69    65    33
   203     1    69    65    33
   203     1    69    65    33
   203     1    69    65    33
   203     1    69    50    35
   203     1    69    50    35
   203     1    69    50    35
   203     1    69    58    39
   203     1    69    58    39
   203     1    69    58    39
   203     1    65    65    35
   203     1    65    65    35
   203     1    65    65    35
   203     1    69    69    25
   203     1    69    69    25
   203     1    69    69    25
   203     1    69    69    43
   203     1    69    69    43
   203     1    69    68    33
   203     1    69    69    33
   203     1    69    69    33
   203     1    69    65    27
   203     1    69    65    27
   203     1    69    68    39
   203     1    69    68    39
   204     2    59    39    39
   204     2    59    39    39
   205     3    65    65    33
   205     3    65    65    33
   205     3    65    65    33
   206     3    69    69    25
   206     3    69    69    25
   206     3    69    69    25
   207     3    59    62    39
   207     3    69    69    43
   207     3    69    69    43
   208     3    65    62    39
   208     3    69    69    25
   209     3    69    65    33
   209     3    69    65    33
   209     3    69    65    33
   209     3    65    65    39
   209     3    65    65    39
   209     3    69    69    25
   209     3    69    69    25
   210     2    69    65    39
   211     1    63    65    39
   211     1    63    65    39
   211     1    63    65    39
   211     3    63    65    39
   211     1    63    65    39
   211     1    63    65    39
   211     3    63    65    39
   211     3    63    65    39
   211     1    69    66    39
   211     1    69    66    39
   211     1    69    66    39
   211     1    65    65    25
   212     1    63    59    37
   212     1    63    59    37
   212     3    65    65    33
   213     3    33    59    37
   213     3    65    59    37
   213     3    65    61    37
   213     3    65    59    39
   213     3    69    69    37
   213     3    69    68    37
   213     3    69    68    39
   214     2    65    59    39
   214     2    65    59    39
   214     2    65    59    39
   214     2    65    59    39
   214     2    65    59    39
   214     2    65    59    39
   214     2    65    59    39
   215     2    69    69    43
   215     2    69    69    43
   216     3    65    61    39
   216     3    65    61    39
   216     3    65    61    39
   216     3    65    65    39
   216     3    65    65    39
   216     3    69    69    43
   216     3    69    69    43
   216     3    69    69    43
   216     3    69    69    43
   216     2    69    69    39
   217     2    59    39    39
   217     2    59    39    39
   218     2    59    62    39
   219     3    65    59    39
   219     3    65    65    39
   219     3    69    67    39
   219     3    69    68    39
   219     3    69    68    39
   220     2    69    69    32
   220     2    69    69    32
   220     2    69    69    32
   220     2    69    69    39
   221     1    65    66    39
   222     2    69    69    30
   223     1    69    58    34
   223     3    65    65    25
   224     1    69    65    39
   225     3    59    62    39
   225     3    59    62    39
   225     3    65    61    37
   225     3    69    65    39
   225     3    69    65    39
   225     3    69    65    39
   225     3    69    58    33
   225     3    69    60    33
   225     3    69    65    43
   225     3    69    65    43
   226     2    65    69    45
   226     2    65    59    45
   226     1    65    59    33
   226     1    65    59    33
   226     1    65    59    33
   226     1    65    59    33
   226     2    65    59    25
   226     2    65    59    37
   226     2    65    59    37
   226     2    65    59    37
   226     2    65    59    37
   226     2    63    59    39
   226     2    63    59    39
   226     1    55    69    39
   226     1    55    69    39
   226     1    69    69    20
   226     1    69    69    20
   226     1    69    69    20
   226     2    69    69    35
   226     2    69    69    35
   226     2    69    69    35
   226     3    69    69    39
   226     3    69    69    39
   226     3    69    69    39
   227     2    59    62    39
   228     3    69    69    39
   228     3    69    69    39
   228     1    69    69    36
   228     1    69    69    39
   228     1    69    69    39
   228     1    69    69    39
   228     1    69    69    39
   229     3    69    69    39
   229     3    69    69    39
   230     3    66    65    25
   230     3    65    65    39
   230     3    65    65    39
   230     3    66    65    39
   230     3    66    65    39
   230     3    66    65    39
   230     3    66    65    39
   231     2    65    59    38
   231     2    65    69    38
   231     2    69    69    25
   231     1    69    69    39
   231     1    69    69    39
   231     1    69    69    39
   231     1    69    69    39
   232     1    59    62    39
   232     1    59    62    39
   232     2    59    62    39
   232     2    59    62    39
   232     2    59    62    39
   232     1    59    62    39
   232     1    59    62    39
   232     2    59    62    39
   232     1    59    62    39
   232     3    59    62    39
   232     1    59    40    39
   232     2    59    39    39
   232     1    59    44    39
   232     1    59    44    39
   232     2    59    39    39
   232     2    59    39    39
   232     2    59    39    39
   232     2    65    59    39
   232     2    65    59    39
   232     1    65    59    39
   232     1    65    59    39
   232     2    65    59    39
   232     2    65    59    39
   233     2    65    65    39
   233     2    65    65    39
   233     2    65    33    39
   234     3    69    68    25
   235     2    65    59    39
   235     3    69    65    39
   235     3    69    65    39
   235     2    69    65    37
   235     3    69    60    33
   235     2    69    50    35
   235     2    65    65    35
   235     2    69    69    20
   235     3    69    69    39
   236     2    65    59    39
   237     2    63    69    39
   238     3    65    59    39
   238     3    65    59    39
   238     3    65    59    39
   238     3    65    59    39
   238     3    65    59    39
   238     3    65    59    39
   238     3    65    59    39
   238     2    69    50    35
   238     2    69    50    35
   238     2    69    50    35
   238     2    69    50    35
   238     2    69    50    35
   238     2    69    50    35
   238     1    65    65    39
   238     1    65    65    39
   238     1    69    69    39
   238     1    69    69    39
   239     2    63    59    33
   239     2    69    65    33
   239     2    69    65    33
   239     2    65    65    39
   239     2    65    50    39
   239     2    65    65    39
   239     2    66    65    32
   239     2    66    65    32
   239     2    66    65    32
   239     2    69    69    40
   239     2    69    69    40
   239     2    69    69    40
   239     2    69    69    40
   239     2    69    65    41
   239     2    69    69    41
   239     2    69    69    43
   240     2    65    59    39
   240     2    65    59    39
   240     2    65    59    39
   240     2    65    59    39
   241     3    65    65    39
   241     3    65    65    25
   241     3    65    65    25
   241     3    65    65    25
   241     3    65    65    25
   242     2    59    62    39
   242     2    65    59    39
   242     2    65    59    39
   242     2    65    59    39
   242     2    65    59    39
   242     2    65    59    39
   243     2    63    59    39
   243     2    63    69    39
   243     1    69    69    39
   244     3    65    59    39
   244     3    69    69    20
   244     3    69    69    20
   245     3    63    65    39
   246     1    69    69    39
   246     3    69    69    39
   247     2    65    59    33
   247     2    65    59    25
   247     2    65    59    25
   247     2    65    59    25
   247     2    33    59    38
   247     2    33    59    38
   247     2    33    59    38
   247     2    65    59    39
   247     2    65    59    38
   247     2    65    59    38
   247     2    65    59    38
   247     2    65    59    39
   247     2    65    59    39
   247     2    65    59    39
   247     2    65    59    39
   247     2    65    59    39
   247     2    65    59    39
   247     2    65    59    39
   247     2    65    59    39
   247     2    63    59    39
   247     2    63    59    39
   247     2    63    59    39
   247     2    63    59    33
   247     2    65    59    41
   247     2    65    59    41
   247     2    65    59    41
   247     2    65    59    41
   247     2    65    59    41
   247     2    65    59    41
   247     2    65    59    41
   247     2    65    59    41
   247     2    65    59    41
   247     2    63    65    39
   247     2    63    65    39
   247     2    63    65    39
   247     2    63    65    39
   247     2    69    65    34
   247     2    69    65    34
   247     2    69    65    34
   247     2    69    65    34
   247     2    69    65    34
   247     2    69    65    34
   247     2    69    65    34
   247     2    69    65    37
   247     2    69    65    37
   247     2    69    65    37
   247     2    69    33    34
   247     2    69    65    33
   247     2    69    65    33
   247     2    65    65    39
   247     2    65    65    27
   247     2    65    65    27
   247     2    65    65    27
   247     2    66    65    39
   247     2    65    65    37
   247     2    65    65    37
   247     2    65    65    37
   247     2    66    69    37
   247     2    69    65    25
   247     2    69    69    25
   247     2    69    69    25
   247     2    69    69    25
   247     2    69    65    30
   247     2    69    69    30
   247     2    69    69    30
   247     2    69    69    40
   247     2    69    69    40
   247     2    69    69    40
   247     2    69    69    39
   247     2    69    69    39
   247     2    55    65    43
   247     2    55    69    43
   247     2    55    69    43
   247     2    69    69    41
   247     2    69    69    41
   247     2    69    69    36
   247     2    69    69    36
   247     2    69    69    38
   247     2    69    69    38
   247     2    69    65    42
   247     2    69    65    39
   247     2    69    69    39
   247     2    69    69    39
   247     2    69    69    28
   247     2    69    69    28
   247     2    69    69    42
   247     2    69    69    42
   247     2    69    69    32
   247     2    69    69    39
   247     2    69    69    39
   247     2    69    69    39
   247     2    69    69    43
   247     2    69    69    41
   247     2    69    69    41
   247     2    69    69    41
   247     2    69    69    25
   247     2    69    69    25
   247     2    69    69    25
   247     2    69    69    43
   247     2    69    69    43
   248     2    66    65    32
   248     2    66    65    32
   249     3    69    65    39
   249     3    69    69    39
   250     3    65    65    33
   250     3    65    65    33
   250     3    65    65    33
   251     1    69    69    39
   251     1    69    69    39
   251     3    69    69    39
   251     3    69    68    39
   251     3    69    68    39
   251     3    69    68    39
   252     2    65    59    33
   252     2    65    59    33
   252     2    33    59    38
   252     2    69    65    37
   252     2    69    65    37
   252     2    69    65    34
   252     2    69    65    33
   252     2    69    65    33
   252     2    69    65    33
   252     2    69    65    33
   252     2    69    65    33
   252     2    69    65    33
   252     2    69    65    33
   252     2    66    69    37
   252     2    66    69    37
   253     3    69    69    39
   254     3    65    59    39
   254     3    65    59    39
   255     2    59    71    39
   256     3    69    68    33
   256     3    69    68    33
   256     3    69    69    39
   256     3    69    69    39
   257     3    69    60    39
   257     3    69    60    39
   257     3    69    60    39
   257     3    69    60    39
   257     3    69    60    39
   258     3    69    68    43
   259     2    63    59    33
   259     2    63    59    33
   260     2    69    69    25
   261     2    65    59    39
   261     2    65    59    39
   261     2    65    59    39
   261     2    63    59    35
   261     2    63    59    35
   261     2    63    59    35
   261     3    63    59    39
   261     2    69    59    45
   261     2    69    59    45
   261     3    69    65    33
   261     2    65    65    33
   261     3    69    69    20
   261     3    69    69    20
   261     3    69    69    20
   261     2    69    69    42
   261     2    69    69    42
   261     2    69    69    42
   261     2    69    69    28
   261     2    69    69    28
   261     2    69    69    28
   261     3    69    69    20
   261     3    69    69    20
   261     3    69    69    20
   262     2    59    62    39
   262     2    59    39    39
   262     2    59    39    39
   262     2    63    59    37
   262     2    65    59    39
   262     2    59    65    34
   262     2    59    65    34
   262     2    59    65    34
   262     2    69    65    34
   262     2    69    65    34
   262     2    69    65    34
   262     2    69    65    33
   262     2    69    65    33
   262     2    69    65    33
   262     2    65    65    39
   262     2    65    65    39
   262     2    65    65    39
   262     2    69    65    31
   262     2    69    69    31
   262     2    69    69    31
   262     2    55    69    43
   262     2    55    69    43
   262     2    55    69    43
   262     2    69    65    38
   262     2    69    69    38
   262     2    69    69    38
   263     1    59    39    39
   264     2    63    65    39
   264     2    63    65    39
   264     2    63    65    39
   264     2    65    65    39
   264     2    65    65    39
   264     2    65    65    39
   264     2    65    65    39
   264     2    69    69    27
   264     2    69    69    27
   264     2    69    69    27
   264     2    69    69    27
   265     3    59    62    39
   266     3    69    69    25
   266     3    69    69    25
   266     3    69    69    25
   266     3    69    69    25
   266     3    57    69    39
   266     3    57    69    39
   266     3    57    69    39
   266     3    69    69    39
   266     3    69    69    39
   266     3    69    69    39
   266     3    69    69    39
   266     3    69    69    39
   266     3    69    69    39
   267     1    65    63    27
   268     3    65    59    33
   268     3    63    59    39
   268     3    63    59    39
   268     1    63    59    39
   268     1    65    60    39
   268     1    63    59    35
   268     1    63    65    39
   268     1    63    65    39
   268     1    59    65    39
   268     1    69    69    43
   268     1    69    69    43
   268     3    69    69    25
   269     2    69    69    27
   269     2    69    69    27
   270     2    59    62    39
   270     2    69    69    31
   271     3    65    62    39
   272     3    69    69    39
   273     1    65    63    39
   273     1    69    69    41
   274     3    69    69    25
   275     3    65    65    39
   275     3    65    65    39
   275     3    69    68    25
   275     3    69    68    25
   275     3    69    69    43
   275     3    69    69    43
   275     3    69    69    43
   276     3    69    65    25
   276     3    69    65    25
   276     3    69    65    25
   276     3    69    65    25
   277     2    69    69    36
   278     2    65    65    39
   278     2    69    69    36
   279     2    69    65    39
   279     2    69    65    37
   280     2    65    59    33
   280     3    69    69    39
   280     3    69    65    39
   281     2    63    59    41
   282     2    54    59    39
   283     2    65    65    25
   283     2    65    65    25
   284     2    63    59    34
   284     2    69    59    45
   284     2    69    59    45
   285     3    65    65    33
   286     3    65    65    25
   286     3    65    65    25
   286     3    65    65    25
   286     3    65    65    25
   286     3    69    69    39
   286     3    69    69    39
   286     3    69    69    39
   287     1    65    61    38
   288     1    69    65    39
   288     1    69    65    39
   288     1    69    65    39
   288     1    69    60    37
   288     1    69    60    37
   289     2    63    59    41
   290     2    59    39    39
   290     2    59    39    39
   291     2    65    62    39
   291     2    65    62    39
   292     2    69    69    20
   292     2    69    69    20
   292     2    69    69    20
   293     3    59    64    39
   294     1    69    69    39
   294     1    69    69    39
   295     2    65    59    39
   295     2    65    59    39
   295     2    65    59    39
   295     2    65    59    41
   295     2    65    59    41
   295     2    65    59    41
   295     2    65    59    41
   295     3    66    65    25
   295     3    69    68    25
   295     3    69    69    25
   295     3    69    69    25
   296     3    65    59    39
   296     3    65    59    39
   296     2    69    65    27
   297     2    59    62    39
   297     2    59    62    39
   297     2    59    62    39
   298     3    65    65    25
   298     3    65    65    25
   298     3    65    65    25
   299     1    65    62    39
   300     3    59    39    39
   300     3    59    39    39
   300     2    65    59    39
   300     3    65    59    39
   300     3    65    59    39
   301     2    63    59    39
   301     2    63    59    39
   301     2    63    59    39
   301     2    63    59    35
   301     2    63    59    35
   301     2    63    59    37
   301     3    63    65    39
   302     2    65    59    38
   302     3    66    65    39
   302     3    66    65    39
   302     3    66    65    39
   302     3    66    65    39
   303     3    69    68    25
   303     3    69    68    25
   304     1    69    68    38
   304     3    69    69    39
   305     2    69    50    35
   305     2    69    50    35
   305     2    69    50    35
   305     2    69    50    35
   305     3    69    68    25
   305     3    69    68    25
   305     3    69    68    25
   305     3    69    68    25
   305     3    69    65    25
   305     3    69    68    39
   305     3    69    68    39
   306     3    69    69    39
   306     3    69    69    39
   307     3    63    59    33
   308     2    59    71    39
   309     3    63    59    39
   310     2    59    65    33
   310     2    69    65    34
   311     2    59    49    39
   311     2    59    49    39
   311     2    59    49    39
   311     2    59    49    39
   312     3    63    59    39
   312     3    63    59    39
   312     3    63    59    39
   312     2    69    59    45
   312     2    69    59    45
   312     3    59    65    39
   312     3    59    65    39
   312     3    64    66    33
   312     3    64    66    33
   312     3    64    66    33
   312     1    55    69    39
   312     3    69    69    33
   312     3    69    69    25
   312     3    63    69    39
   312     3    69    69    39
   312     3    69    69    39
   313     3    65    59    25
   313     2    69    69    33
   313     2    69    69    41
   313     2    69    69    39
   313     2    69    69    41
   313     2    69    69    39
   313     2    69    69    39
   313     2    69    69    43
   313     2    69    69    41
   313     2    69    69    43
   313     2    69    69    43
   314     3    69    69    39
   314     1    69    69    27
   314     1    69    69    39
   314     1    69    69    39
   315     1    33    59    39
   315     1    33    59    39
   315     1    33    59    39
   315     2    65    59    39
   315     1    65    59    39
   315     1    69    69    25
   315     1    69    69    25
   315     1    69    69    25
   315     1    55    69    39
   315     1    55    69    39
   315     3    69    69    33
   315     3    69    69    33
   315     3    69    69    33
   315     1    69    69    39
   315     1    69    69    39
   316     2    65    59    39
   316     2    65    59    39
   316     2    65    59    39
   316     2    65    59    39
   316     2    65    59    39
   316     3    69    68    39
   316     3    69    68    39
   317     3    65    66    25
   317     3    65    66    25
   317     3    65    66    25
   317     3    65    66    25
   318     3    65    59    39
   318     3    65    59    39
   318     3    69    69    25
   318     3    69    69    25
   318     3    69    69    25
   318     3    69    69    25
   318     3    69    69    25
   319     1    65    65    25
   319     1    65    65    25
   319     1    69    65    25
   319     1    65    65    25
   319     1    65    65    25
   319     1    65    65    25
   319     1    65    66    29
   319     2    65    69    29
   319     3    65    66    39
   319     1    63    69    39
   320     3    65    63    25
   320     3    65    63    25
   321     3    65    65    25
   321     3    65    65    39
   321     3    65    65    39
   321     3    65    66    33
   321     1    69    69    39
   322     1    59    65    39
   322     2    59    62    39
   322     3    65    63    25
   322     3    65    63    25
   323     2    55    65    43
   324     1    65    59    33
   324     1    65    59    33
   324     1    65    59    33
   324     1    59    62    39
   324     1    59    62    39
   325     2    65    59    39
   326     3    65    60    45
   326     3    65    60    45
   326     3    65    60    45
   326     3    65    61    39
   326     3    65    61    39
   326     3    65    61    39
   326     3    65    59    39
   326     3    65    59    39
   326     3    65    59    39
   326     3    65    59    39
   326     3    65    59    39
   326     3    65    59    39
   326     3    65    59    39
   326     2    63    59    39
   326     2    63    59    39
   326     2    63    59    39
   326     2    63    59    39
   326     2    69    59    42
   326     2    69    59    42
   326     2    69    59    42
   326     2    69    59    45
   326     2    69    59    45
   326     2    69    59    45
   326     2    63    65    39
   326     2    63    65    39
   326     2    63    65    39
   326     2    59    65    33
   326     2    64    65    34
   326     2    64    65    34
   326     2    69    65    34
   326     2    69    65    34
   326     2    65    65    33
   326     2    65    65    33
   326     2    65    65    33
   326     2    65    65    25
   326     2    65    65    25
   326     2    65    65    25
   326     2    65    65    25
   326     2    65    65    25
   326     2    65    65    25
   326     2    65    65    25
   326     2    65    65    39
   326     2    65    65    39
   326     3    69    69    25
   326     3    69    69    25
   326     3    69    69    25
   326     3    69    69    25
   326     2    69    69    39
   326     2    69    69    39
   326     2    69    69    39
   326     2    69    69    39
   326     2    69    69    39
   326     2    69    69    39
   326     3    69    69    39
   326     3    69    69    39
   327     3    69    68    39
   327     3    69    68    39
   328     2    65    59    33
   328     1    65    60    33
   328     3    65    59    39
   328     2    69    69    25
   328     2    69    69    25
   328     3    69    68    25
   328     3    69    68    25
   328     3    69    68    25
   328     3    69    68    25
   328     2    69    69    30
   328     2    69    69    30
   329     2    59    62    39
   329     2    59    62    39
   330     2    59    39    39
   330     2    69    50    35
   330     2    69    50    35
   330     3    69    65    33
   330     3    69    65    33
   330     3    69    65    33
   330     3    69    65    33
   330     3    69    68    25
   330     3    69    68    25
   330     3    69    69    33
   331     3    65    59    39
   331     3    65    59    39
   331     3    65    59    39
   331     3    65    59    39
   332     2    69    69    43
   333     3    69    69    20
   333     3    69    69    20
   334     3    69    69    43
   334     3    69    69    43
   335     3    69    69    25
   335     3    69    69    43
   335     3    69    69    43
   335     3    69    69    43
   335     3    69    69    43
   336     2    65    65    37
   336     2    65    65    37
   336     2    65    65    37
   336     2    69    69    43
   336     2    69    69    43
   336     2    69    69    42
   336     2    69    69    42
   336     2    69    69    43
   336     2    69    69    43
   337     1    59    62    39
   337     2    59    62    39
   337     1    63    65    39
   337     1    69    69    39
   338     3    69    69    25
   339     2    65    65    39
   339     2    65    69    39
   339     2    65    65    39
   340     2    59    62    39
   341     3    59    62    39
   341     3    59    62    39
   342     3    59    62    39
   342     2    59    39    39
   342     2    59    39    39
   342     3    65    62    39
   342     3    65    59    39
   342     2    65    59    39
   342     3    65    62    39
   342     3    69    69    39
   343     3    65    62    39
   343     3    65    62    39
   344     3    59    62    39
   345     3    59    66    33
   345     3    59    66    33
   345     3    59    66    33
   345     3    59    66    33
   345     3    59    66    33
   345     3    59    66    33
   346     2    65    65    37
   347     2    69    50    33
   347     2    69    50    33
   347     3    65    65    33
   347     3    65    65    33
   347     3    65    65    33
   347     2    65    65    39
   347     2    65    65    39
   347     2    65    65    39
   347     2    65    65    39
   347     2    69    69    43
   347     2    69    69    43
   347     2    69    69    43
   347     2    69    69    43
   347     1    69    67    41
   348     3    59    66    33
   348     3    59    66    33
   348     3    59    66    33
   348     2    66    65    39
   348     3    69    69    25
   349     2    65    65    27
   349     2    69    69    30
   349     3    69    68    39
   349     1    69    69    32
   349     1    69    69    32
   350     2    69    69    20
   350     2    69    69    20
   350     2    69    69    20
   350     2    69    69    20
   350     2    69    69    39
   350     2    69    69    39
   350     3    69    69    39
   350     3    69    69    39
   350     3    69    69    39
   350     3    69    69    39
   350     3    69    69    39
   350     3    69    69    39
   350     3    69    69    39
   350     3    69    69    39
   350     3    69    69    39
   351     3    59    67    39
   351     3    59    67    39
   351     3    65    59    25
   351     3    65    59    25
   351     3    65    59    25
   351     3    65    59    25
   351     3    69    69    25
   351     3    69    69    20
   351     3    69    69    20
   351     3    69    69    20
   352     2    64    69    34
   352     2    69    69    34
   352     2    69    69    39
   352     3    65    65    25
   353     2    59    39    39
   354     2    69    69    39
   354     2    69    69    36
   355     1    65    61    39
   355     1    65    61    39
   355     1    65    61    39
   355     1    65    59    39
   355     1    65    59    39
   355     1    65    59    39
   356     3    65    60    45
   356     3    65    59    39
   356     3    65    59    39
   356     3    65    59    39
   356     3    63    59    41
   357     3    65    65    25
   357     3    65    65    25
   358     3    69    69    25
   358     3    69    69    25
   358     3    69    69    25
   358     3    69    69    25
   358     3    69    69    39
   358     3    69    69    39
   359     2    65    65    27
   359     2    65    65    27
   359     2    65    65    27
   359     2    65    65    27
   359     2    65    50    27
   360     3    65    60    45
   360     3    65    60    45
   360     2    65    69    39
   360     2    65    59    39
   360     2    65    59    39
   360     2    65    65    25
   360     2    65    65    25
   360     2    65    65    25
   360     2    69    69    25
   360     2    69    69    25
   360     2    69    69    25
   360     2    69    69    25
   360     3    69    69    39
   360     3    69    69    39
   360     3    69    69    39
   360     2    69    69    39
   360     2    69    69    39
   360     2    69    69    39
   360     2    69    69    39
   360     2    69    69    20
   360     2    69    69    39
   360     2    69    69    39
   360     2    69    69    36
   360     2    69    69    39
   360     2    69    69    39
   361     2    65    59    38
   361     2    59    65    33
   361     2    66    65    32
   361     3    69    68    39
   362     3    69    54    33
   362     3    69    54    33
   362     3    69    54    33
   362     2    65    65    39
   362     2    65    65    39
   362     2    65    65    39
   362     2    69    69    39
   362     2    69    69    39
   362     2    69    69    39
   362     2    69    69    39
   363     1    59    64    39
   363     1    59    64    39
   363     1    65    62    39
   364     2    65    59    33
   364     2    65    59    33
   364     2    65    59    33
   364     2    65    59    33
   364     2    65    59    33
   364     2    65    59    33
   364     2    65    59    38
   364     2    65    59    38
   364     2    65    59    38
   364     2    65    59    38
   364     2    65    59    38
   364     2    65    59    38
   364     2    65    59    38
   364     2    65    59    38
   364     2    65    59    39
   364     2    65    69    39
   364     2    65    59    39
   364     2    65    69    39
   364     2    65    69    39
   364     2    65    59    39
   364     2    65    59    39
   364     2    63    65    39
   364     2    69    65    37
   364     2    69    65    37
   364     2    69    65    37
   364     2    69    65    37
   364     2    69    65    37
   364     2    69    65    37
   364     2    65    65    26
   364     2    65    65    26
   364     2    65    65    26
   364     2    65    65    26
   364     2    65    65    26
   364     2    65    65    26
   364     2    65    65    26
   364     2    65    65    26
   364     3    69    69    33
   364     2    69    69    42
   364     2    69    69    42
   364     2    69    69    42
   364     2    69    69    42
   364     2    69    69    43
   364     2    69    69    43
   365     2    65    59    38
   366     2    65    62    39
   367     2    65    59    33
   368     3    63    59    39
   369     3    69    65    37
   369     3    66    65    25
   369     3    66    65    25
   369     3    65    65    39
   369     3    69    68    43
   369     2    69    69    41
   369     3    69    68    39
   369     3    69    68    43
   369     3    69    68    43
   369     3    69    68    43
   369     2    69    69    41
   370     2    59    39    39
   370     2    59    39    39
   371     2    63    65    39
   371     2    63    65    39
   372     3    69    69    20
   372     3    69    69    20
   372     3    69    69    20
   373     2    63    69    39
   374     1    65    61    39
   374     2    59    62    39
   374     2    59    62    39
   374     2    59    62    39
   374     2    59    62    39
   374     3    65    59    39
   374     2    63    65    39
   374     1    59    65    33
   374     2    63    65    39
   374     2    69    65    39
   374     2    57    69    39
   374     2    69    69    27
   375     3    65    66    33
   375     3    65    66    33
   375     3    65    66    33
   376     1    69    65    34
   377     1    63    65    39
   377     1    65    65    39
   377     1    55    68    43
   377     1    55    68    43
   378     3    65    59    39
   378     3    65    59    39
   379     1    59    62    39
   379     1    59    62    39
   379     1    59    62    39
   379     1    59    62    39
   379     1    59    44    39
   379     1    59    44    39
   379     1    59    44    39
   380     1    59    65    39
   380     1    59    62    39
   380     1    59    62    39
   380     1    59    62    39
   380     1    59    62    39
   380     1    59    62    39
   380     1    59    62    39
   380     2    69    65    33
   380     2    69    65    33
   380     2    69    65    33
   381     1    59    62    39
   381     1    59    62    39
   381     1    59    39    39
   381     1    59    62    39
   381     1    59    62    39
   381     1    59    62    39
   381     1    65    62    39
   381     1    65    62    39
   381     1    65    59    39
   381     2    65    69    39
   381     1    65    62    39
   382     1    33    59    39
   383     1    59    66    34
   383     1    59    66    34
   383     1    59    65    33
   383     1    59    65    33
   383     1    69    69    43
   383     3    69    69    39
   384     2    65    62    39
   385     2    65    59    39
   385     2    59    49    39
   385     2    59    49    39
   385     2    69    65    33
   385     2    69    65    33
   385     2    69    65    33
   386     3    59    65    33
   387     3    59    42    39
   387     3    59    42    39
   387     2    59    62    39
   387     2    59    62    39
   387     2    59    62    39
   387     2    65    59    39
   387     2    65    59    39
   388     3    65    59    39
   388     3    65    59    39
   388     3    65    59    39
   388     3    65    59    39
   388     3    65    59    39
   388     3    65    59    39
   388     3    63    59    39
   388     3    69    50    33
   388     3    69    50    33
   388     3    69    50    33
   388     3    65    65    25
   388     3    65    65    25
   389     3    65    59    39
   390     3    69    66    39
   390     3    69    66    39
   390     3    69    66    39
   391     2    59    49    39
   391     2    59    49    39
   391     2    59    49    39
   391     2    69    65    33
   391     2    69    65    33
   391     2    69    65    33
   392     3    69    69    20
   393     2    59    39    39
   393     2    59    39    39
   393     2    59    39    39
   393     3    69    69    25
   393     3    69    69    25
   394     3    65    61    37
   394     2    54    69    39
   394     2    54    59    39
   394     3    69    59    45
   394     3    69    65    33
   394     3    69    65    33
   394     3    69    65    33
   394     3    69    69    25
   394     3    69    69    25
   394     3    69    69    25
   394     3    57    69    39
   394     3    57    69    39
   394     3    69    69    39
   394     3    69    69    39
   394     3    69    69    39
   394     3    69    69    39
   394     3    69    69    39
   394     3    69    69    39
   394     3    69    69    39
   394     3    69    69    39
   394     3    69    69    39
   394     3    69    69    39
   394     3    69    69    33
   394     3    69    69    33
   394     3    69    69    33
   394     3    69    69    39
   394     3    69    69    39
   394     3    69    69    39
   394     3    69    69    39
   394     3    69    69    39
   394     3    69    69    25
   394     3    69    69    25
   394     3    69    69    39
   394     3    69    69    39
   394     3    69    69    39
   394     3    69    69    39
   394     2    69    69    28
   395     2    69    69    28
   395     2    69    69    28
   396     3    63    59    39
   396     3    63    59    39
   396     3    63    64    39
   396     3    69    69    39
   396     3    69    69    39
   397     2    59    65    39
   397     2    59    65    39
   397     2    69    69    20
   397     2    69    69    35
   397     2    69    69    35
   398     1    63    69    39
   399     1    59    62    39
   399     3    59    48    39
   399     3    59    48    39
   399     3    59    48    39
   399     3    59    48    39
   399     1    59    44    39
   399     3    59    44    39
   399     3    59    44    39
   399     3    59    44    39
   399     3    59    44    39
   399     3    59    44    39
   399     3    59    44    39
   399     3    59    44    39
   400     3    65    66    25
   400     3    69    69    43
   400     3    69    69    43
   401     3    65    62    37
   401     1    69    68    38
   401     1    69    68    42
   401     1    69    69    42
   401     1    69    69    42
   402     3    69    69    25
   402     3    69    69    25
   403     3    59    62    39
   403     3    59    44    39
   403     3    59    44    39
   404     3    65    59    25
   405     3    69    68    33
   406     3    59    66    33
   406     3    59    66    33
   406     3    59    66    33
   407     3    69    68    25
   408     3    65    62    39
   409     3    69    69    20
   409     3    69    69    20
   409     3    69    69    20
   409     3    69    69    20
   409     3    69    69    20
   410     2    69    65    39
   411     2    59    62    39
   411     2    59    62    39
   411     2    59    62    39
   411     2    59    62    39
   411     2    59    62    39
   411     2    59    62    39
   411     2    59    62    39
   411     2    59    62    39
   411     2    59    39    39
   411     2    69    65    39
   411     2    69    69    39
   411     2    69    69    39
   411     2    69    69    39
   412     3    59    62    39
   413     2    59    39    39
   413     3    63    59    41
   413     2    63    59    41
   413     2    65    62    39
   414     3    69    50    39
   414     3    69    50    33
   414     3    69    50    39
   414     3    69    50    39
   415     1    69    69    39
   415     1    69    69    39
   416     3    59    62    39
   416     2    59    62    39
   416     3    63    59    33
   416     3    63    59    33
   416     3    63    59    33
   416     1    69    59    45
   416     3    69    66    33
   416     3    69    66    33
   416     3    69    66    33
   416     3    69    54    33
   416     3    65    57    39
   416     3    69    69    33
   416     3    69    69    33
   416     3    69    69    33
   417     1    59    53    39
   418     2    59    39    39
   418     2    59    39    39
   418     2    59    39    39
   418     3    63    59    39
   418     3    63    59    39
   419     3    69    69    39
   420     3    59    62    39
   421     3    63    59    33
   421     3    63    59    33
   421     3    63    59    33
   421     3    65    65    25
   421     3    65    65    25
   422     3    69    59    45
   422     3    69    59    45
   422     3    69    59    45
   423     3    69    50    33
   423     3    69    50    33
   423     3    69    50    33
   423     3    69    50    33
   423     3    69    50    33
   424     2    65    59    39
   424     2    65    59    39
   424     3    65    59    39
   424     2    63    59    39
   424     2    63    59    39
   424     2    59    65    33
   425     2    69    59    45
   425     2    69    59    45
   425     2    69    59    45
   425     2    69    59    45
   425     2    69    65    33
   426     3    65    65    25
   426     3    65    65    25
   427     3    59    62    39
   427     3    59    62    39
   428     3    59    62    39
   428     3    59    62    39
   428     3    59    62    39
   428     3    65    62    39
   428     3    65    62    39
   429     2    65    69    39
   429     2    65    59    39
   429     3    69    69    33
   429     3    69    69    33
   429     3    69    69    33
   429     1    69    69    28
 
